0 13
1 14
2 14
3 13
4 14
5 14
6 14
7 13
8 13
9 13
10 14
11 13
12 13
13 13
14 13
15 13
16 13
17 13
18 13
19 13
20 13
21 13
22 13
23 13
24 13
25 13
26 13
27 13
28 13
29 13
30 13
31 13
32 13
33 13
34 13
35 13
36 13
37 13
38 13
39 13
40 13
41 13
42 13
43 13
44 13
45 13
46 13
47 13
48 13
49 13
50 13
51 14
52 14
53 14
54 14
55 14
56 14
57 14
58 14
59 14
60 14
61 14
62 14
63 14
64 13
65 14
66 14
67 14
68 14
69 14
70 13
71 14
72 14
73 14
74 14
75 14
76 14
77 14
78 14
79 14
80 14
81 14
82 14
83 14
84 14
85 14
86 14
87 14
88 14
89 14
90 14
91 14
92 14
93 14
94 14
95 14
96 14
97 14
98 15
99 15
100 14
101 15
102 15
103 15
104 15
105 15
106 14
107 15
108 15
109 15
110 15
111 15
112 14
113 15
114 15
115 15
116 15
117 15
118 14
119 15
120 14
121 14
122 14
123 14
124 14
125 14
126 14
127 14
128 14
129 14
130 14
131 14
132 14
133 14
134 14
135 14
136 14
137 14
138 14
139 14
140 14
141 14
142 14
143 14
144 14
145 14
146 14
147 14
148 14
149 14
150 14
151 14
152 14
153 14
154 15
155 15
156 15
157 15
158 15
159 15
160 15
161 15
162 14
163 14
164 15
165 15
166 15
167 15
168 15
169 15
170 15
171 15
172 15
173 15
174 16
175 15
176 15
177 17
178 17
179 16
180 66
0 48
1 15
2 15
3 14
4 14
5 14
6 13
7 14
8 14
9 14
10 14
11 13
12 13
13 13
14 13
15 13
16 13
17 13
18 13
19 13
20 13
21 13
22 13
23 13
24 13
25 13
26 13
27 13
28 13
29 13
30 13
31 13
32 13
33 13
34 13
35 13
36 13
37 13
38 13
39 13
40 13
41 13
42 13
