0 14
1 14
2 14
3 13
4 14
5 13
6 14
7 14
8 14
9 14
10 13
11 14
12 14
13 14
14 14
15 14
16 14
17 14
18 14
19 14
20 14
21 14
22 14
23 14
24 14
25 14
26 14
27 14
28 14
29 14
30 14
31 14
32 14
33 14
34 14
35 14
36 14
37 14
38 14
39 14
40 14
41 14
42 14
43 14
44 14
45 14
46 14
47 14
48 14
49 14
50 14
51 14
52 14
53 14
54 14
55 14
56 14
57 14
58 14
59 14
60 14
61 14
62 14
63 14
64 14
65 15
66 15
67 14
68 15
69 15
70 15
71 14
72 15
73 15
74 15
75 15
76 15
77 15
78 15
79 15
80 15
81 16
82 15
83 16
84 16
85 15
86 15
87 15
88 15
89 15
90 15
91 15
92 15
93 15
94 15
95 15
96 15
97 15
98 15
99 14
100 15
101 15
102 15
103 15
104 15
105 14
106 15
107 15
108 14
109 14
110 14
111 14
112 14
113 14
114 14
115 13
116 14
117 14
118 14
119 14
120 14
121 13
122 13
123 13
124 14
125 13
126 13
127 14
128 13
129 13
130 13
131 13
132 13
133 13
134 13
135 13
136 13
137 13
138 13
139 13
140 13
141 13
142 13
143 13
144 13
145 13
146 13
147 13
148 13
149 13
150 13
151 13
152 13
153 13
154 13
155 13
156 13
157 13
158 13
159 13
160 13
161 13
162 13
163 13
164 14
165 13
166 13
167 13
168 13
169 13
170 13
171 13
172 14
173 13
174 13
175 13
176 13
177 15
178 15
179 15
180 15
0 15
1 13
2 13
3 14
4 13
5 13
6 14
7 14
8 13
9 14
10 13
11 13
12 13
13 13
14 13
15 14
16 13
17 13
18 14
19 13
20 13
21 14
22 13
23 14
24 13
25 13
26 13
27 13
28 14
29 13
30 13
31 14
32 13
33 13
34 13
35 13
36 14
37 13
38 13
39 13
40 13
41 14
42 13
43 13
44 13
45 13
46 14
47 14
48 14
49 14
50 14
51 14
52 14
53 14
54 14
55 14
56 14
57 14
58 14
59 14
60 14
61 14
62 14
63 14
64 14
65 15
66 15
67 15
68 15
69 15
70 15
71 15
72 15
73 15
74 15
75 15
76 15
77 15
78 15
79 16
80 16
81 16
82 16
83 17
84 17
85 16
86 16
87 16
88 17
89 16
90 16
91 16
92 16
93 16
94 16
95 15
96 15
97 15
98 15
99 15
100 15
101 15
102 15
103 14
104 14
105 14
106 14
107 14
108 14
109 13
110 14
111 14
112 13
113 13
114 13
115 13
116 14
117 13
118 13
119 13
120 13
121 13
122 13
123 13
124 13
125 13
126 13
127 13
128 13
129 13
130 13
131 13
132 13
133 13
134 13
135 13
136 14
137 13
138 13
139 13
140 13
141 13
142 13
143 13
144 13
145 13
146 13
147 13
148 13
149 13
150 13
151 13
152 13
153 13
154 14
155 13
156 13
157 13
158 13
159 14
160 13
161 13
162 13
163 13
164 13
165 14
166 14
167 14
168 14
169 14
170 14
171 14
172 14
173 14
174 14
175 14
176 14
177 14
178 14
179 14
180 14
0 14
1 14
2 14
3 14
4 14
5 14
6 14
7 14
8 14
9 14
10 14
11 14
12 14
13 13
14 14
15 14
16 14
17 14
18 14
19 13
20 14
21 14
22 14
23 14
24 14
25 13
26 14
27 14
28 14
29 14
30 14
31 14
32 14
33 14
34 14
35 14
36 14
37 14
38 14
39 14
40 14
41 14
42 14
43 13
44 14
45 14
46 14
47 14
48 15
49 14
50 15
51 15
52 15
53 15
54 9
55 9
56 9
57 9
58 9
59 9
60 9
61 6
62 8
63 8
64 6
65 6
66 6
67 6
68 6
69 6
70 6
71 8
72 6
73 7
74 7
75 7
76 7
77 7
78 7
79 7
80 8
81 8
82 8
83 8
84 8
85 9
86 9
87 9
88 9
89 17
90 18
91 18
92 17
93 18
94 17
95 17
96 16
97 16
98 16
99 16
100 16
101 16
102 16
103 15
104 15
105 15
106 15
107 15
108 15
109 15
110 15
111 15
112 14
113 14
114 14
115 14
116 14
117 14
118 14
119 14
120 14
121 14
122 14
123 14
124 14
125 14
126 13
127 14
128 13
129 13
130 13
131 13
132 13
133 13
134 13
135 14
136 13
137 13
138 13
139 13
140 13
141 13
142 13
143 14
144 13
145 13
146 13
147 13
148 13
149 13
150 13
151 13
152 13
153 13
154 13
155 13
156 14
157 13
158 13
159 13
160 13
161 14
162 13
163 13
164 14
165 13
166 13
167 13
168 13
169 14
170 14
171 14
172 14
173 14
174 14
175 14
176 14
177 14
178 14
179 14
180 14
0 14
1 14
2 14
3 14
4 14
5 14
6 14
7 14
8 14
9 14
10 14
11 14
12 14
13 14
14 14
15 14
16 14
17 14
18 14
19 14
20 14
21 14
22 14
23 14
24 14
25 14
26 14
27 14
28 14
29 14
30 14
31 14
32 14
33 14
34 14
35 14
36 14
37 14
38 14
39 14
40 14
41 14
42 14
43 14
44 14
45 14
46 14
47 14
48 14
49 14
50 15
51 15
52 15
53 15
54 9
55 9
56 9
57 9
58 9
59 9
60 9
61 9
62 7
63 8
64 6
65 6
66 6
