0 12
1 15
2 15
3 14
4 14
5 14
6 13
7 13
8 13
9 13
10 13
11 13
12 13
13 13
14 12
15 12
16 13
17 13
18 13
19 12
20 13
21 12
22 12
23 12
24 12
25 12
26 12
27 12
28 12
29 12
30 12
31 12
32 12
33 12
34 12
35 12
36 12
37 12
38 12
39 13
40 13
41 13
42 13
43 13
44 14
45 13
46 13
47 14
48 15
49 15
50 16
51 15
52 21
53 20
54 13
55 12
56 11
57 11
58 11
59 11
60 11
61 11
62 11
63 11
64 11
65 11
66 11
67 11
68 11
69 10
70 11
71 10
72 11
73 11
74 11
75 10
76 10
77 10
78 10
79 10
80 10
81 10
82 10
83 10
84 10
85 11
86 11
87 11
88 11
89 11
90 11
91 10
92 10
93 11
94 11
95 11
96 11
97 11
98 11
99 11
100 11
101 11
102 11
103 11
104 11
105 11
106 11
107 11
108 12
109 12
110 12
111 12
112 12
113 13
114 13
115 13
116 13
117 13
118 13
119 13
120 13
121 13
122 13
123 13
124 13
125 13
126 13
127 13
128 13
129 13
130 13
131 13
132 13
133 13
134 13
135 13
136 13
137 13
138 13
139 13
140 13
141 13
142 14
143 14
144 14
145 14
146 14
147 14
148 14
149 14
150 13
151 13
152 13
153 14
154 14
155 14
156 14
157 14
158 14
159 14
160 15
161 15
162 15
163 14
164 15
165 15
166 15
167 15
168 15
169 15
170 15
171 14
172 15
173 15
174 16
175 16
176 16
177 15
178 20
179 16
180 38
0 38
1 15
2 15
3 14
4 14
5 14
6 13
7 14
8 13
9 13
10 13
11 13
