0 208
1 209
2 208
3 227
4 207
5 207
6 208
7 208
8 207
9 208
10 207
11 208
12 208
13 208
14 208
15 208
16 207
17 207
18 208
19 208
20 208
21 209
22 227
23 209
24 209
25 208
26 209
27 208
28 208
29 209
30 210
31 226
32 210
33 208
34 208
35 206
36 210
37 207
38 208
39 208
40 208
41 210
42 208
43 207
44 208
45 208
46 206
47 208
48 209
49 210
50 208
51 208
52 208
53 208
54 208
55 209
56 210
57 207
58 209
59 207
60 209
61 208
62 209
63 208
64 209
65 208
66 207
67 208
68 209
69 208
70 208
71 209
72 209
73 208
74 210
75 208
76 209
77 208
78 208
79 209
80 209
81 208
82 208
83 209
84 227
85 227
86 227
87 209
88 227
89 227
90 226
91 226
92 208
93 209
94 208
95 209
96 208
97 208
98 208
99 208
100 208
101 229
102 208
103 208
104 209
105 208
106 208
107 208
108 208
109 209
110 227
111 227
112 226
113 209
114 226
115 208
116 227
117 209
118 208
119 210
120 208
121 209
122 208
123 208
124 209
125 227
126 228
127 227
128 208
129 207
130 211
131 209
132 228
133 228
134 209
135 227
136 209
137 208
138 206
139 227
140 207
141 208
142 208
143 208
144 207
145 208
146 208
147 209
148 207
149 207
150 208
151 209
152 208
153 208
154 208
155 207
156 208
157 209
158 229
159 208
160 208
161 209
162 208
163 208
164 208
165 207
166 208
167 227
168 207
169 208
170 208
171 208
172 207
173 207
174 208
175 208
176 207
177 208
178 208
179 209
180 207
