0 223
1 223
2 223
3 223
4 223
5 223
6 223
7 222
8 223
9 223
10 223
11 223
12 223
13 222
14 223
15 223
16 223
17 222
18 222
19 223
20 223
21 222
22 223
23 223
24 223
25 223
26 223
27 222
28 223
29 224
30 223
31 222
32 223
33 223
34 223
35 223
36 222
37 222
38 223
39 223
40 223
41 222
42 223
43 223
44 223
45 222
46 223
47 223
48 223
49 223
50 222
51 223
52 223
53 223
54 223
55 222
56 222
57 223
58 223
59 222
60 223
61 223
62 223
63 223
64 222
65 223
66 222
67 223
68 223
69 223
70 222
71 223
72 223
73 222
74 223
75 223
76 223
77 223
78 223
79 223
80 223
81 223
82 222
83 222
84 223
85 223
86 223
87 222
88 223
89 223
90 223
91 223
92 222
93 222
94 222
95 223
96 223
97 222
98 222
99 222
100 222
101 223
102 222
103 223
104 223
105 223
106 223
107 222
108 223
109 223
110 222
111 222
112 222
113 222
114 223
115 223
116 223
117 222
118 223
119 222
120 223
121 222
122 223
123 223
124 223
125 222
126 222
127 222
128 223
129 223
130 223
131 222
132 222
133 223
134 223
135 222
136 223
137 223
138 222
139 222
140 222
141 222
142 223
143 222
144 223
145 223
146 223
147 223
148 223
149 223
150 222
151 223
152 223
153 222
154 222
155 223
156 224
157 223
158 223
159 222
160 222
161 223
162 223
163 222
164 223
165 222
166 223
167 223
168 223
169 222
170 223
171 223
172 222
173 222
174 223
175 223
176 222
177 222
178 222
179 222
180 223
0 223
1 222
2 223
3 223
4 223
5 223
6 222
7 223
8 223
9 222
10 223
11 223
12 223
13 223
14 222
15 222
16 223
17 223
18 223
19 223
20 222
21 223
22 223
23 223
24 222
25 222
26 223
27 223
28 222
29 222
30 223
31 223
32 223
33 223
34 223
35 222
36 223
37 222
38 222
39 222
40 223
41 223
42 222
43 222
44 223
45 223
46 223
47 222
48 223
49 223
50 223
51 223
52 222
53 223
54 223
55 223
56 223
57 222
58 223
59 223
60 223
61 222
62 223
63 223
64 223
65 222
66 223
67 222
68 222
69 223
70 222
71 222
72 222
73 223
74 223
75 222
76 223
77 222
78 223
79 223
80 222
81 222
82 223
83 223
84 223
85 223
86 222
87 223
88 223
89 223
90 222
91 222
92 223
93 223
94 222
95 222
96 222
97 223
98 223
99 223
100 223
101 223
102 223
103 222
104 222
105 222
106 223
107 223
108 223
109 222
110 223
111 223
112 222
113 223
114 222
115 223
116 223
117 222
118 222
119 223
120 223
121 223
122 223
123 223
124 223
125 223
126 223
127 223
128 222
129 222
130 223
131 223
132 222
133 222
134 223
135 223
136 223
137 223
138 222
139 223
140 223
141 222
142 223
143 223
144 223
145 222
146 223
147 222
148 223
149 223
150 223
151 222
152 222
153 223
154 222
155 222
156 223
157 222
158 223
159 223
160 222
161 223
162 222
163 223
164 223
165 223
166 222
167 222
168 223
169 223
170 222
171 223
172 223
173 223
174 222
175 222
176 223
177 223
178 223
179 222
180 222
0 223
1 223
2 222
3 223
4 222
5 223
6 223
7 223
8 223
9 223
10 223
11 223
12 222
13 223
14 223
15 223
16 222
17 222
18 222
19 223
20 223
21 223
22 222
23 222
