0 164
1 156
2 164
3 163
4 163
5 167
6 164
7 167
8 167
9 166
10 166
11 164
12 166
13 162
14 164
15 165
16 167
17 166
18 167
19 164
20 161
21 162
22 163
23 163
24 165
25 165
26 167
27 167
28 163
29 164
30 166
31 164
32 166
33 167
34 167
35 165
36 164
37 166
38 167
39 166
40 166
41 164
42 163
43 164
44 164
45 163
46 164
47 165
48 166
49 167
50 167
51 170
52 164
53 166
54 162
55 164
56 167
57 167
58 163
59 166
60 165
61 164
62 164
63 158
64 163
65 158
66 161
67 165
68 165
69 166
70 167
71 167
72 167
73 169
74 168
75 168
76 167
77 162
78 164
79 163
80 163
81 164
82 165
83 165
84 164
85 163
86 163
87 163
88 165
89 165
90 163
91 165
92 165
93 165
94 167
95 165
96 164
97 165
98 165
99 164
100 160
101 165
102 165
103 164
104 167
105 167
106 163
107 162
108 165
109 163
110 162
111 164
112 165
113 165
114 167
115 167
116 165
117 165
118 165
119 164
120 167
121 166
122 165
123 165
124 164
125 167
126 166
127 162
128 164
129 165
130 164
131 162
132 161
133 162
134 165
135 165
136 165
137 167
138 167
139 165
140 165
141 165
142 165
143 165
144 163
145 165
146 165
147 165
148 163
149 165
150 165
151 163
152 163
153 164
154 163
155 163
156 162
157 163
158 163
159 164
160 165
161 166
162 165
163 165
164 163
165 164
166 166
167 162
168 163
169 164
170 161
171 164
172 164
173 162
174 166
175 166
176 166
177 164
178 164
179 163
180 162
0 165
1 160
2 165
3 165
4 166
5 167
6 168
7 165
8 166
9 163
10 163
11 185
12 199
13 173
14 173
15 167
16 166
17 166
18 167
19 172
20 176
21 158
22 146
23 168
24 168
25 164
26 166
27 157
28 160
29 156
30 140
31 141
32 142
33 148
34 142
35 140
36 140
37 130
38 128
39 152
40 150
41 136
42 204
43 191
44 173
45 149
46 148
47 203
48 141
49 163
50 162
51 163
52 162
53 163
54 163
55 213
56 255
57 163
58 163
59 163
60 163
61 163
62 162
63 162
64 162
65 163
66 163
67 161
68 163
69 165
70 164
71 163
72 163
73 163
74 163
75 162
76 162
77 164
78 164
79 164
80 163
81 165
82 165
83 165
84 165
85 165
86 168
87 167
88 162
89 164
90 165
91 163
92 164
93 164
94 163
95 161
96 162
97 162
98 164
99 165
100 164
101 164
102 164
103 165
104 167
105 165
106 166
107 165
108 168
109 165
110 165
111 164
112 165
113 164
114 161
115 162
116 165
117 165
118 165
119 165
120 162
121 169
122 165
123 167
124 166
125 166
126 164
127 163
128 164
129 164
130 165
131 167
132 163
133 162
134 162
135 163
136 162
137 164
138 162
139 165
140 167
141 167
142 167
143 165
144 165
145 165
146 168
147 165
148 164
149 163
150 164
151 164
152 163
153 168
154 165
155 165
156 165
157 166
158 166
159 167
160 164
161 163
162 164
163 164
164 161
165 165
166 163
167 161
168 162
169 164
170 167
171 165
172 164
173 164
174 166
175 163
176 166
177 166
178 166
179 165
180 168
0 164
1 165
2 165
3 165
4 167
5 165
6 165
7 165
8 164
9 165
10 168
11 168
12 166
13 184
14 172
15 163
16 164
17 166
18 165
19 164
20 165
21 168
22 167
23 167
24 168
25 167
26 165
27 165
28 165
29 164
30 165
31 165
32 166
33 162
34 165
35 163
36 166
37 165
38 166
39 167
40 166
41 166
42 166
43 169
44 168
45 164
46 164
47 164
48 164
49 166
50 161
51 166
52 166
53 164
54 171
55 166
56 166
57 166
58 166
59 167
60 164
61 169
62 167
63 164
64 163
65 164
66 165
67 166
68 166
69 168
70 167
71 169
72 168
73 168
74 166
75 168
76 166
77 168
78 166
79 166
80 166
81 171
82 164
83 166
84 165
85 167
86 167
87 167
88 167
89 166
90 164
91 166
92 167
93 166
94 167
95 163
96 166
97 167
98 166
99 164
100 168
101 166
102 167
103 168
104 167
105 167
106 170
107 166
108 166
109 167
110 167
111 168
112 168
113 160
114 166
115 167
116 166
117 167
118 166
119 163
120 165
121 167
122 164
123 165
124 164
125 165
126 164
127 164
128 165
129 165
130 167
131 166
132 165
133 167
134 166
135 167
136 164
137 167
138 167
139 165
140 163
141 166
142 166
143 167
144 167
145 166
146 170
147 168
148 167
149 167
150 166
151 167
152 165
153 164
154 164
155 163
156 163
157 163
158 164
159 162
160 164
161 163
162 165
163 164
164 164
165 166
166 165
167 169
