0 37
1 37
2 37
3 37
4 37
5 36
6 37
7 37
8 36
9 37
10 35
11 37
12 36
13 37
14 36
15 35
16 37
17 37
18 37
19 37
20 37
21 37
22 36
23 37
24 37
25 36
26 36
27 37
28 37
29 36
30 37
31 37
32 37
33 37
34 37
35 37
36 36
37 36
38 36
39 37
40 36
41 37
42 36
43 36
44 35
45 36
46 36
47 36
48 37
49 36
50 37
51 37
52 37
53 37
54 37
55 37
56 37
57 37
58 37
59 37
60 37
61 37
62 36
63 37
64 37
65 37
66 37
67 37
68 36
69 37
70 36
71 37
72 36
73 36
74 36
75 36
76 36
77 36
78 36
79 37
80 36
81 36
82 36
83 36
84 36
85 36
86 36
87 37
88 36
89 37
90 37
91 37
92 36
93 37
94 37
95 36
96 37
97 37
98 36
99 37
100 37
101 37
102 37
103 36
104 36
105 37
106 36
107 36
108 36
109 36
110 37
111 37
112 37
113 36
114 37
115 37
116 37
117 37
118 37
119 37
120 37
121 36
122 37
123 36
124 36
125 36
126 36
127 37
128 37
129 36
130 37
131 36
132 36
133 37
134 37
135 37
136 36
137 37
138 36
139 35
140 37
141 36
142 37
143 37
144 37
145 35
146 37
147 36
148 36
149 38
150 36
151 36
152 37
153 36
154 37
155 37
156 37
157 36
158 36
159 36
160 36
161 37
162 37
163 37
164 35
165 36
166 37
167 37
168 36
169 36
170 37
171 37
172 37
173 37
174 37
175 37
176 36
177 35
178 37
179 37
180 37
0 37
1 36
2 36
3 37
4 36
5 37
6 37
7 36
8 37
9 35
10 36
11 36
12 37
13 37
14 37
15 37
16 36
17 36
