0 227
1 42
2 40
3 227
4 44
5 226
6 226
7 226
8 227
9 226
10 226
11 226
12 226
13 226
14 226
15 226
16 226
17 226
18 227
19 227
20 227
21 226
22 226
23 227
24 227
25 227
26 227
27 230
28 227
29 226
30 226
31 227
32 227
33 227
34 226
35 50
36 227
37 226
38 226
39 226
40 226
41 40
42 227
43 227
44 226
45 226
46 226
47 22
48 11
49 14
50 14
51 15
52 14
53 14
54 14
55 32
56 38
57 36
58 34
59 34
60 33
61 32
62 33
63 36
64 1187
65 227
66 226
67 38
68 227
69 226
70 226
71 226
72 226
73 226
74 226
75 226
76 226
77 227
78 226
79 226
80 226
81 226
82 226
83 226
84 226
85 226
86 226
87 226
88 226
89 225
90 226
91 226
92 226
93 32
94 28
95 29
96 26
97 26
98 25
99 26
100 27
101 24
102 24
103 25
104 25
105 26
106 41
107 226
108 226
109 226
110 226
111 226
112 225
113 225
114 226
115 226
116 226
117 226
118 225
119 226
120 226
121 226
122 225
123 226
124 225
125 226
126 226
127 226
128 226
129 226
130 226
131 226
132 40
133 226
134 226
135 225
136 226
137 226
138 226
139 226
140 226
